20
1 1 5 5
2
3
2 2 10 10
3 7
2 8
3 1 100 100
10 20 30
50
1 3 20 20
15
5 10 12
5 5 50 50
1 2 3 4 5
10 20 30 40 45
2 3 15 15
4 8
1 7 14
10 1 100 100
5 10 15 20 25 30 35 40 45 50
99
1 10 100 100
99
5 10 15 20 25 30 35 40 45 50
3 3 1000 1000
100 500 900
200 400 600
2 4 50 60
10 20
5 15 25 35
4 2 60 50
5 15 25 35
10 20
1 1 3 3
1
2
2 2 4 4
1 3
1 2
5 1 20 20
2 4 6 8 10
15
1 5 20 20
15
2 4 6 8 10
6 6 100 100
10 20 30 40 50 60
11 22 33 44 55 66
3 4 30 40
1 2 3
10 15 20 25
4 3 40 30
10 15 20 25
1 2 3
7 2 50 50
5 10 15 20 25 30 35
40 45
2 7 50 50
40 45
5 10 15 20 25 30 35